0	119.085098
1	100.631790
2	63.020866
3	89.232109
4	111.193329
5	-60.124039
6	119.012505
7	93.184036
8	106.299789
9	94.792587
10	110.198502
11	125.988747
12	118.105515
13	104.795792
14	162.902374
15	86.639694
16	106.423813
17	110.582130
18	78.887115
19	94.695000
20	77.412735
21	94.834122
22	-78.820969
23	44.751945
24	-81.451065
25	-69.438995
26	-100.730911
27	-56.342007
28	-77.805893
29	-126.458771
30	-51.686214
31	-117.902985
32	-73.888557
33	-49.982033
34	-75.337036
35	64.877380
36	-47.334976
37	-63.183704
38	-84.678940
39	-70.396652
40	-118.725677
41	94.286339
42	76.963951
43	-24.285927
44	-15.419750
45	-75.123413
46	-52.998962
47	-68.309456
48	-71.554031
49	-93.548630
50	-90.277725
51	-56.142029
52	-60.685978
53	-113.085007
54	-50.600552
55	-70.943069
56	-94.742615
57	-106.034935
58	-109.493362
59	-54.480686
60	-75.659920
61	-72.423080
62	-84.859047
63	-74.772964
64	-77.294533
65	74.150116
66	-74.758171
67	-43.478851
68	-60.036243
69	-84.171860
70	-80.148201
71	-60.730621
72	-72.749153
73	-89.985779
74	-61.974564
75	-62.673672
76	-131.301865
77	-58.262012
78	-72.930969
79	-168.076675
80	80.397217
81	-86.317665
82	-57.819920
83	-65.848358
84	-61.617939
85	-100.401459
86	-70.464142
87	-78.043602
88	-62.914997
89	-84.802917
90	-67.913055
91	-80.965927
92	-78.719398
93	-89.265625
94	-82.297821
95	-95.356400
96	-62.075390
97	-48.071583
98	-106.841476
99	151.266632
100	104.778030
101	-118.434280
102	-55.179401
103	-58.487743
104	-9.590893
105	-124.604752
106	-83.920692
107	76.811546
108	176.229660
109	-100.049202
110	-118.734505
111	-97.645546
112	-95.682297
113	-95.078888
114	-92.657791
115	26.553524
116	-83.336273
117	-138.583038
118	32.515575
119	-65.471184
120	-94.411179
121	-75.107216
122	78.921371
123	-84.859116
124	-118.399536
125	-96.573433
126	-56.606491
127	-93.728683
128	3.984125
129	-78.333916
130	-114.828033
131	-119.152168
132	-94.885826
133	-86.764595
134	-86.294945
135	-60.334751
136	-94.772217
137	-91.172066
138	79.999168
139	-111.577049
140	-95.294243
141	-95.794655
142	-84.882980
143	-88.256050
144	-89.503754
145	-102.121429
146	-55.481277
147	-95.748444
148	-101.246681
149	-78.491943
150	-118.403572
151	-117.314949
152	-114.050446
153	-91.722458
154	-107.558296
155	-90.381744
156	-136.373535
157	-9.759940
158	-121.228485
159	-139.937515
160	68.157761
161	106.309647
162	-71.527390
163	-48.195347
164	-80.602814
165	-90.698509
166	-88.217636
167	-123.569489
168	-76.313576
169	-99.733711
170	90.785431
171	-78.225624
172	-93.336281
173	-83.008865
174	-79.670464
175	-107.754509
176	-104.657158
177	-30.817545
178	-76.629288
179	-119.305183
180	-65.727524
181	-108.193382
182	-66.595932
183	-112.868202
184	-72.482338
185	-99.738823
186	-120.027733
187	-78.002831
188	-87.523674
189	-48.322220
190	-82.308540
191	-68.238708
192	-70.448853
193	-56.350834
194	109.558434
195	-109.451836
196	-75.450737
197	-76.036324
198	-96.345299
199	-104.287582
200	-53.402916
201	-118.332184
202	-87.968475
203	-101.921074
204	-100.318428
205	-69.716057
206	-90.589905
207	-85.072746
208	-106.601471
209	-105.071526
210	-94.011581
211	-72.815369
212	-81.344254
213	-77.123123
214	-81.862167
215	-82.345367
216	-85.702408
217	-84.759712
218	148.556274
219	-77.720322
220	-111.186745
221	-69.689896
222	-100.054970
223	78.039864
224	-87.807953
225	-64.278511
226	-86.090866
227	-70.252052
228	-58.409988
229	-93.849686
230	-86.093040
231	-69.066750
232	-53.518055
233	-39.505692
234	-95.407211
235	32.066547
236	-82.201843
237	-59.186859
238	-132.616150
239	-80.467865
240	-101.991302
241	-80.242737
242	-37.257084
243	-67.475060
244	-64.431236
245	-79.957047
246	-82.003578
247	-66.635429
248	-54.649628
249	-82.226051
250	175.868790
251	-95.396843
252	-98.232521
253	-91.493134
254	-103.407730
255	-58.841507
256	-75.853447
257	-46.962883
258	-70.556648
259	-131.254089
260	-48.345413
261	-81.661217
262	-73.481529
263	-58.516476
264	-33.105110
265	77.162315
266	80.774384
267	-15.032040
268	37.027203
269	-100.892349
270	-49.809559
271	-99.527870
272	84.741592
273	-68.920219
274	-38.218456
275	-45.739113
276	-60.475983
277	-63.419140
278	-24.995459
279	-72.751640
280	-42.100094
281	-49.715771
282	-84.097717
283	-29.211267
284	-10.413773
285	-58.926567
286	48.762310
287	-86.336685
288	-38.579109
289	-85.036102
290	-88.225014
291	-130.416229
292	-102.236504
293	-160.791061
294	-115.743698
295	-111.681831
296	-63.157429
297	-93.932266
298	-99.570770
299	-70.920273
300	-115.514099
301	-95.903381
302	-97.197708
303	-69.772835
304	-48.423386
305	-54.859371
306	-59.663403
307	-67.116615
308	50.678185
309	74.229424
310	-65.178650
311	-43.392258
312	-4.838245
313	50.860912
314	40.602959
315	-63.316311
316	-63.247246
317	-67.186554
318	-67.999428
319	-93.875740
320	-47.786552
321	-68.872917
322	-73.010063
323	-95.650841
324	-58.294174
325	-71.668083
326	-69.440170
327	-41.534103
328	-173.570480
329	-73.097511
330	-45.776199
331	-82.220619
332	67.733025
333	-62.360592
334	-56.251160
335	-50.307732
336	32.571854
337	-75.882057
338	-49.253128
339	-68.584824
340	-47.911922
341	-71.501701
342	-55.043343
343	-74.791374
344	-56.178921
345	-76.238182
346	-151.913025
347	-57.050068
348	-49.133240
349	-78.155510
350	-94.550125
351	-78.037346
352	-50.989101
353	-99.612686
354	-95.174362
355	27.878370
356	-83.292473
357	-59.157265
358	-57.196095
359	-56.043381
360	-61.615139
361	-86.169037
362	-62.923706
363	-70.021461
364	-84.070557
365	-53.725430
366	-44.692455
367	-51.411221
368	-47.304024
369	-60.718838
370	-72.480347
371	-78.707825
372	-48.363590
373	-82.265366
374	-62.740780
375	-87.923416
376	-55.518570
377	-124.516930
378	-69.333458
379	-83.854736
380	-61.214622
381	-49.467430
382	-93.569618
383	-55.720165
384	-60.566532
385	-71.478600
386	-68.981194
387	-17.876198
388	-59.909748
389	-55.982834
390	-75.152756
391	-54.751400
392	-40.581604
393	-51.702007
394	-67.089539
395	77.251083
396	-53.417877
397	-32.952534
398	-55.726543
399	50.455502
400	-55.076946
401	-63.925156
402	-53.748459
403	-77.466560
404	-52.757778
405	-47.014645
406	-41.867237
407	-63.617531
408	-69.679764
409	-60.339668
410	-44.803589
411	69.558769
412	-43.560356
413	-93.630257
414	63.412460
415	80.914749
416	-76.558830
417	-52.122074
418	-62.670177
419	-66.976501
420	37.606625
421	-50.469933
422	-41.411999
423	-62.620869
424	-75.862686
425	39.260410
426	47.439587
427	35.473774
428	-59.284321
429	44.116245
430	79.244942
431	-18.172583
432	58.697315
433	46.485325
434	-81.647972
435	-67.239029
436	32.820076
437	51.871281
438	-47.828743
439	102.281357
440	-75.056473
441	-45.704144
442	-68.833290
443	-62.970909
444	-46.741158
445	-47.821056
446	-35.436325
447	-41.042015
448	-49.862354
449	55.212654
450	23.824755
451	-68.427963
452	-77.280251
453	-78.561470
454	64.025024
455	-61.038082
456	31.166611
457	-33.765457
458	-84.747139
459	-79.841209
460	90.913353
461	-55.978485
462	-69.482262
463	91.253204
464	-71.041801
465	-49.863159
466	70.274437
467	-40.297569
468	-71.495964
469	-117.646362
470	-51.087334
471	-76.071777
472	50.194473
473	-84.419487
474	-21.925758
475	-62.715584
476	-81.685829
477	-53.820702
478	20.474287
479	-56.229355
480	-74.401390
481	-59.749840
482	-86.317940
483	-65.005585
484	-50.081238
485	78.714081
486	-20.955280
487	76.566879
488	-3.902425
489	-52.680336
490	142.380585
491	33.802128
492	-57.768005
493	-48.710079
494	-42.424458
495	43.836441
496	-85.792801
497	47.313129
498	-50.230087
499	91.646523
500	103.613213
501	-20.156807
502	43.722153
503	-25.827831
504	-60.045940
505	-81.142227
506	-109.278603
507	-77.990875
508	-71.202858
509	-64.569893
510	-60.173668
511	-17.646675
512	-8.632700
513	-43.469597
514	-64.131744
515	-85.840416
516	-60.512970
517	-68.661240
518	-57.428852
519	72.949890
520	-66.904251
521	-81.648956
522	-63.144012
523	-54.989086
524	-38.421307
525	-74.337288
526	-65.283615
527	-60.579002
528	-63.757858
529	-161.400482
530	-51.009033
531	-66.757187
532	-64.118309
533	-39.948196
534	-55.408627
535	-51.397896
536	-61.861427
537	-99.283676
538	-56.995586
539	-112.328682
540	1.786996
541	-72.286140
542	-69.081635
543	-106.393875
544	-65.233284
545	-64.371864
546	-61.059643
547	-86.419563
548	-72.185280
549	-78.623871
550	-52.379883
551	-73.262711
552	-79.146507
553	-75.456062
554	-64.809021
555	-57.532009
556	-103.827362
557	84.063225
558	-88.464249
559	-59.722149
560	-56.892506
561	-88.249481
562	-73.754929
563	-68.284988
564	-77.073257
565	-65.955147
566	-68.321587
567	-57.527977
568	-30.904673
569	-69.513542
570	-73.066322
571	-64.803535
572	-80.403366
573	-61.094498
574	-18.119148
575	-102.978142
576	-74.740608
577	-20.566019
578	65.951370
579	-96.274101
580	-77.629700
581	-12.841784
582	-37.071674
583	-58.358330
584	-75.080658
585	-55.775612
586	-37.432182
587	-54.647789
588	-48.240715
589	-34.303223
590	-66.962791
591	94.637054
592	63.572655
593	40.894596
594	-55.647038
595	-59.628124
596	-48.051758
597	-52.138882
598	-54.691040
599	-60.421349
600	119.001228
