0	-66.661575
1	106.945374
2	98.201225
3	101.507042
4	131.675385
5	127.596024
6	101.326958
7	149.972977
8	134.469299
9	146.346771
10	163.233658
11	156.429184
12	137.612122
13	135.923111
14	129.331512
15	100.413857
16	107.860580
17	124.181061
18	110.656013
19	104.686234
20	101.173256
21	98.708336
22	113.590652
23	85.475868
24	103.810814
25	97.523071
26	108.026222
27	116.547531
28	81.327728
29	93.951645
30	110.038521
31	111.850578
32	77.729561
33	103.283112
34	121.261391
35	111.353302
36	110.801399
37	97.009949
38	81.961533
39	105.279175
40	114.183487
41	81.642776
42	95.032433
43	98.105370
44	114.059952
45	100.960800
46	98.215477
47	113.421204
48	84.995674
49	106.699257
50	102.149773
51	91.245621
52	106.777245
53	67.207413
54	118.761841
55	117.923759
56	84.292152
57	87.812607
58	91.938965
59	113.846710
60	98.797874
61	99.918976
62	91.710388
63	88.869209
64	96.986824
65	98.971840
66	94.729965
67	103.579346
68	87.896568
69	74.106445
70	103.548058
71	104.615944
72	102.421776
73	100.805298
74	80.479172
75	104.250618
76	82.097710
77	85.014450
78	36.669376
79	89.437225
80	81.306824
81	77.761795
82	88.960777
83	96.718842
84	110.407532
85	99.900276
86	104.280914
87	107.851822
88	70.584450
89	95.981102
90	92.941368
91	78.905640
92	85.505928
93	98.370544
94	84.348801
95	133.272552
96	108.366074
97	118.600555
98	105.732025
99	110.705353
100	111.589485
101	85.743019
102	116.089279
103	89.014748
104	94.191086
105	102.599480
106	85.144592
107	93.636055
108	93.242874
109	105.602280
110	100.780785
111	77.182785
112	89.121155
113	109.404785
114	95.458664
115	108.921860
116	88.358566
117	85.531273
118	101.015312
119	108.899048
120	124.566681
121	87.923294
122	75.641571
123	91.629601
124	95.093346
125	75.724495
126	100.508636
127	97.438889
128	89.876701
129	88.872124
130	79.480087
131	78.547974
132	83.458832
133	86.502289
134	88.833351
135	96.545990
136	97.881050
137	115.602196
138	96.765762
139	99.915482
140	92.779961
141	127.263596
142	87.297974
143	108.634819
144	88.873421
145	107.035103
146	111.727119
147	118.930740
148	105.445099
149	109.161232
150	106.918106
151	83.513916
152	84.635818
153	100.850548
154	88.369568
155	82.819382
156	114.679474
157	118.738182
158	109.664200
159	79.853691
160	117.051071
161	90.283257
162	100.102875
163	89.420975
164	101.162750
165	91.581337
166	83.771042
167	76.573540
168	100.227661
169	96.264969
170	98.148010
171	99.254562
172	106.616005
173	89.375175
174	115.250443
175	98.297729
176	110.342529
177	85.456749
178	117.266167
179	111.629433
180	115.604683
181	133.329712
182	113.517715
183	133.933670
184	144.703049
185	108.430321
186	119.171776
187	101.672585
188	104.822044
189	106.932320
190	124.936348
191	83.775047
192	116.671227
193	125.216560
194	109.697334
195	97.765091
196	97.007820
197	133.346863
198	106.506165
199	97.339539
200	101.020325
201	106.057495
202	138.505096
203	118.793083
204	122.308350
205	128.031128
206	110.560402
207	100.835678
208	107.953156
209	103.332352
210	85.077705
211	120.348412
212	118.653442
213	133.146164
214	89.435448
215	119.321915
216	99.315361
217	103.204468
218	75.916748
219	102.035439
220	106.890205
221	118.878952
222	119.087555
223	109.531822
224	105.228004
225	89.345131
226	116.475952
227	113.729996
228	96.421692
229	107.314552
230	66.290443
231	116.399933
232	127.879616
233	107.321320
234	109.975822
235	100.955391
236	97.092445
237	122.973541
238	140.216309
239	135.406067
240	136.773895
241	82.218750
242	111.795448
243	142.215927
244	137.939423
245	132.523956
246	119.618416
247	97.412796
248	106.422577
249	88.262604
250	133.817047
251	111.687904
252	89.009209
253	121.192406
254	105.573799
255	112.473587
256	106.319778
257	106.550034
258	105.573738
259	99.582458
260	112.080589
261	131.484955
262	116.500298
263	114.448769
264	101.743011
265	105.358597
266	137.818176
267	115.325943
268	107.004784
269	101.127853
270	121.066582
271	83.809479
272	99.637932
273	109.784782
274	80.059380
275	81.179192
276	134.867096
277	100.618713
278	83.349098
279	116.941925
280	104.145233
281	118.401619
282	111.860641
283	74.415169
284	93.207985
285	126.367912
286	116.911552
287	107.072258
288	76.452507
289	102.635384
290	87.763977
291	87.035728
292	75.967354
293	121.535118
294	96.874969
295	95.197136
296	124.958038
297	128.532455
298	119.129868
299	92.174057
300	82.960800
301	123.679237
302	88.870499
303	128.550186
304	126.807259
305	123.246643
306	113.861916
307	106.519318
308	105.756332
309	104.903038
310	101.494957
311	136.938385
312	97.465340
313	160.830353
314	113.254532
315	80.947411
316	116.888115
317	113.265968
318	112.170700
319	141.413925
320	111.343636
321	115.847572
322	85.627777
323	129.519501
324	119.649368
325	104.168983
326	87.320877
327	105.274529
328	107.505424
329	119.463791
330	146.407303
331	167.396179
332	101.474426
333	126.236938
334	103.406982
335	118.352493
336	131.048401
337	122.954132
338	130.648544
339	129.644104
340	123.576538
341	122.466553
342	154.877258
343	128.066345
344	133.993759
345	136.533157
346	122.171089
347	133.866241
348	134.846542
349	135.655655
350	118.284286
351	109.916862
352	122.693596
353	115.112823
354	119.951797
355	116.885887
356	132.142578
357	96.968506
358	121.620506
359	130.440109
360	100.452751
361	99.411911
362	110.064926
363	123.863655
364	108.801964
365	155.050110
366	93.643562
367	125.534111
368	102.066170
369	105.243675
370	130.900696
371	108.952660
372	120.807663
373	77.134026
374	99.735832
375	114.814903
376	98.827110
377	116.788818
378	122.071480
379	124.583389
380	115.126526
381	113.660469
382	163.599823
383	123.463570
384	142.666245
385	86.782646
386	132.091675
387	136.815689
388	171.810287
389	130.250595
390	117.545639
391	116.059830
392	137.662308
393	122.460129
394	113.613426
395	143.305359
396	88.936958
397	144.598770
398	107.681297
399	119.048111
400	97.400002
401	94.170456
402	86.080147
403	74.861649
404	88.570480
405	98.526031
406	103.755714
407	84.387093
408	16.528040
409	-15.173361
410	-21.069908
411	53.799057
412	-32.426353
413	11.988760
414	-1.673201
415	-40.986542
416	35.804356
417	101.034172
418	-19.359287
419	28.881861
420	-14.589463
421	-55.854221
422	76.658745
423	26.302958
424	-32.808701
425	69.000313
426	11.379834
427	14.046460
428	-77.059906
429	-4.689373
430	23.295807
431	7.109255
432	-2.012804
433	39.807964
434	65.002861
435	-27.299461
436	-20.027355
437	-31.492182
438	-12.197433
439	8.230839
440	138.351913
441	-63.146492
442	-22.379711
443	-36.184917
444	-69.734879
445	-20.158541
446	-44.804993
447	-51.663410
448	93.975952
449	-144.693024
450	-25.642094
451	105.551682
452	88.987724
453	88.235306
454	110.491928
455	86.246124
456	141.303925
457	147.050095
458	99.009529
459	106.759842
460	126.472160
461	100.777351
462	110.840324
463	116.655342
464	122.563034
465	115.053070
466	11.035109
467	-28.800158
468	21.936693
469	-27.800127
470	-63.465633
471	0.958142
472	9.602971
473	-35.813354
474	12.941642
475	-32.538273
476	-14.805449
477	-12.717196
478	98.142929
479	96.414101
480	140.589630
481	119.239082
482	116.731499
483	83.632072
484	117.102089
485	108.268005
486	111.477554
487	111.265152
488	118.561539
489	136.220657
490	125.507309
491	144.540405
492	102.496635
493	135.199753
494	95.771217
495	153.453674
496	104.901024
497	116.480843
498	158.073792
499	159.843155
500	123.427452
501	149.165482
502	107.751205
503	109.469810
504	124.749146
505	123.288742
506	134.251450
507	86.594582
508	143.539200
509	179.055664
510	139.733231
511	122.864685
512	109.130035
513	105.141426
514	83.144279
515	73.228798
516	144.622528
517	119.173508
518	109.648125
519	126.153648
520	116.013275
521	109.254570
522	117.623901
523	152.139297
524	145.021576
525	139.762009
526	143.403900
527	134.436066
528	132.551636
529	136.330170
530	117.697433
531	124.160126
532	106.209282
533	100.575996
534	112.721512
535	146.031128
536	98.108124
537	98.994499
538	84.353081
539	109.421997
540	109.873337
541	123.970764
542	118.652008
543	129.785995
544	112.949738
545	126.383804
546	120.586090
547	115.526871
548	134.120056
549	136.942642
550	133.324875
551	109.903549
552	123.162338
553	148.539627
554	112.343025
555	69.259705
556	121.540047
557	119.621269
558	137.802063
559	96.996544
560	92.179001
561	131.786804
562	109.245148
563	81.175751
564	61.754219
565	116.829727
566	80.146385
567	122.632263
568	129.141312
569	92.110107
570	74.202927
571	157.812698
572	69.229111
573	125.375420
574	94.808113
575	116.687607
576	100.011795
577	84.693741
578	94.507668
579	126.076950
580	117.374313
581	120.557610
582	142.713974
583	140.640366
584	105.487640
585	101.215027
586	82.070107
587	140.539230
588	-82.839272
589	-77.909058
590	-42.132908
591	-22.352369
592	30.035749
593	-22.676643
594	-46.565239
595	52.872307
596	19.606955
597	30.497034
598	-19.215025
599	-36.472759
600	-66.679070
